[0.8421226801299169]
[0.707511324441505]
[1.1506330525781925]
[0.8804957498876111]
[0.10318334124843742]
[1.018740518890252]
[0.7659227906063877]
[1.269500363177335]
[1.066587809443067]
[0.2194469848459829]
[0.9061199379860417]
[0.7825450332555717]
[0.8073421333164517]
[0.5272920778711425]
[1.2705202981708419]
[1.3156929964377932]
[1.0014950898811716]
[0.9095941917391135]
[0.588064089945241]
[0.2082758522755641]
[1.0920118092182831]
[1.1121680229963735]
[1.4521778939191925]
[0.44338157462819017]
[0.28436377645161337]
[0.925610353584836]
[0.46431079683421284]
[0.7590286202399671]
[1.0941125387404098]
[0.40680694928307126]
