[0.9615888716212491]
[0.5980528474482665]
[0.6745341220910861]
[0.9024212763410242]
[0.8134092997512411]
[0.22106200386719943]
[0.23216768624219383]
[0.5190720058007063]
[0.6279142863715435]
[0.45569434595087566]
[0.6363606427736686]
[0.7457791751286735]
[0.6708388997094681]
[0.7348478915596797]
[1.079745537874506]
[1.0652827455365852]
[0.5151417795437802]
[0.45838475099558185]
[1.074533787408316]
[0.4982744081084528]
[0.5661443633205728]
[0.5367992262743811]
[0.12298315759541845]
[0.6345457604088085]
[0.3078529944417364]
[0.545936414641418]
[0.7551467356175743]
[0.26208267159906806]
[0.8948547271087696]
[0.5410691493440495]
