[0.42260278759081943]
[0.41658007205838327]
[0.6747289597235516]
[1.396056134755061]
[0.7971564308714558]
[1.2147345363181967]
[0.7707730643971953]
[0.7250994782164902]
[1.3292069153699455]
[0.3736715968553166]
[0.7883554969751363]
[1.0789112591119028]
[1.2990049974247644]
[0.6355995677451636]
[1.0603285201236072]
[0.3841395868595824]
[0.3891561597217578]
[0.9531342577940236]
[0.7148816933259087]
[1.063011228844853]
[1.2397143535562969]
[1.1123880311466587]
[0.8816438524809542]
[1.3093346965837005]
[0.6111156189851297]
[1.3096205332481128]
[1.29364103396933]
[1.1932203893566258]
[0.46580012649810204]
[0.011579873660460056]
