[0.5882689031279056]
[0.562797403199833]
[0.5608804430902754]
[0.6674204403934226]
[0.6666507498647325]
[0.7652256382061449]
[0.6473158451818427]
[0.6706109231593483]
[0.24634879099484341]
[0.9924818689389839]
[1.394525119353474]
[0.3083615186010829]
[0.1796101194950149]
[0.8156627117753039]
[1.0262536986480884]
[0.4474465207371596]
[1.3285841977905972]
[1.1403858963701796]
[0.5662069014156141]
[1.3612945682530857]
[0.24945114892065914]
[0.20735879517205055]
[0.6760910721352472]
[0.9261811486120284]
[0.7372316224142673]
[0.7812879625542424]
[0.4089609710815129]
[1.1919522390357333]
[0.42755917557613476]
[0.4864819589709776]
[0.7514609971202388]
[0.9571935178963863]
[1.1969482659006538]
[0.4827579888401462]
[1.1580178068515061]
[1.2271105138839853]
[0.9859853893866686]
[0.3493057534583857]
[0.3003536366488795]
[1.0199381029793737]
