[0.9768164598678986]
[0.16948710855125076]
[0.6808997478756751]
[1.2386672664193679]
[0.6727189510540817]
[0.9683222283184671]
[1.2174352533507535]
[1.1071512540575983]
[0.48301931596217074]
[1.3970433023469209]
[0.9477264959888589]
[1.2562663554261955]
[0.771649801471685]
[0.621832248920075]
[0.29682710922540756]
[1.3337699957730558]
[0.6011820516242895]
[0.3899361604670227]
[1.1724065526521867]
[0.9333496170831412]
[0.6863898537278027]
[0.7671295785336407]
[0.3518541800368488]
[1.0244625091886936]
[0.8517478718597005]
