[0.6170731143406228]
[0.34646811479214146]
[1.3852342855364477]
[0.40031117779622055]
[1.2692966260479395]
[0.345640861509755]
[0.30324036610920996]
[0.7675605971357815]
[1.050447960302901]
[0.7697954888816109]
[0.40618233285647165]
[0.27636568236897396]
[1.166060627971304]
[1.0636987516580003]
[0.14942451927546183]
[0.9602640301034095]
[1.1333232988707524]
[1.3388069866634487]
[0.7934115228169979]
[0.8351682072176184]
[1.1105972684455927]
[0.5162658874576604]
[1.1290955959084743]
[1.1279132773459397]
[0.05093638567346961]
[1.2284153277567764]
[0.20391084899071182]
[0.7883739229984724]
[0.6336666924202627]
[0.7772219876257508]
[0.6613968142778791]
[0.7813581695138502]
[0.3386193999944338]
[1.2666645000479593]
[0.8487478757955873]
[0.291847847934166]
[0.6410568778826983]
[0.8397962470524647]
[1.3600563219860493]
[0.5463963312488833]
[0.6374899967811746]
[0.3001681155330173]
[1.2818917784063082]
[0.7768121259717436]
[0.22955153569961148]
