[1.0257973645784655]
[0.4970552407278662]
[0.4208869849615409]
[1.2577972170043001]
[0.09917792740572921]
[1.3171843171307311]
[1.1286493255727112]
[0.6478282636867551]
[0.35147703438682]
[1.3965530284350192]
[0.678750235510404]
[0.8054844118301939]
[0.611754968847484]
[0.59203894666403]
[1.350369445332242]
[0.909280571455161]
[1.1788608609146003]
[0.6517700989180333]
[0.6343974668201872]
[0.5382949711069482]
[0.4732780007367544]
[1.0859551111220112]
[1.0468239248426554]
[0.7150779466339784]
[0.6298849118154068]
[1.2960320629452657]
[0.7281668243313287]
[1.1673350856636509]
[1.039923912481057]
[1.2347721477931566]
