[0.5394192510014155]
[0.18494263052688675]
[0.25148989410702]
[1.1446166138338754]
[1.150620488051988]
[0.60480977713597]
[0.624884431685657]
[0.5959714207312914]
[1.2719215436104407]
[1.308299964909858]
[0.8501181348455157]
[1.0943765351488002]
[1.25616657522084]
[1.3857570772114967]
[0.5286998875962698]
[1.0262572270235288]
[0.48421559692224636]
[1.1949962116477517]
[0.6491241290425861]
[0.5571660073049691]
[0.6197525308678892]
[0.8124666000522629]
[1.2654344163638065]
[1.3951667107118688]
[0.07065410860616428]
[1.1649169756591442]
[0.2649978496491971]
[0.2661269420835924]
[0.35941443185845456]
[0.5618643028652183]
[0.3307177501775053]
[0.5971438430279489]
[1.262399295230155]
[0.4256417698103106]
[1.0469316788296101]
