[0.7157534706846705]
[0.8782119749805539]
[1.2526109566706936]
[1.38763743038502]
[1.2613244385063787]
[0.028415111015646408]
[0.5367381855704759]
[1.0860326827225122]
[0.9354209820499558]
[0.22128883825529433]
[0.2586247578971409]
[0.7999039532856996]
[1.1814711457920044]
[1.1378683751493013]
[1.008052968750221]
[0.7888780377218514]
[0.9266163214983457]
[0.20168811256240896]
[0.7967911818440273]
[1.141814933820844]
[0.26343920355546036]
[0.6084873615439812]
[0.26548582150774985]
[0.7231382930411572]
[0.6796665674964979]
[0.8320432978455216]
[1.212905550772494]
[1.1559893189836499]
[0.7915225273202037]
[0.09558225763709749]
[1.353744495402344]
[0.3295507051333931]
[0.32906895315315393]
[1.3421448341764737]
[1.1358522097823383]
