[0.3214342257074925]
[0.32648243953715816]
[1.2995360027213676]
[0.5244304730845414]
[1.211861304950004]
[1.3889318286925743]
[0.43214984603152634]
[0.4734868719397476]
[1.3204817607221184]
[0.5554068340931323]
[0.24568731157034301]
[1.1764954141435238]
[0.2693096571149943]
[0.5958560368797141]
[1.3397129103800736]
[0.7255437430720149]
[0.26012418841533896]
[1.3469354714822486]
[1.015704896448198]
[0.5005592886006849]
[1.2377592277322964]
[0.1465686273908361]
[1.050751655962492]
[0.35338432145223225]
[1.1417280242919279]
