[-0.39936197916666666]
[-0.017937499999999995]
[-1.4757317708333335]
[-3.9132786458333331]
[0.22418749999999998]
[-2.1784375000000002]
[0.18771354166666668]
[0.21797916666666672]
[-0.77224999999999999]
[0.45700000000000002]
[0.48338541666666668]
[0.80466666666666686]
[0.66614322916666668]
[-0.91193750000000029]
[0.69369270833333341]
[-1.3015104166666667]
[0.86675000000000002]
[0.91641666666666666]
[0.99712500000000004]
[1.9780416666666667]
[0.55322916666666677]
[1.0529999999999999]
[1.3975624999999998]
[1.1523333333333334]
[1.2640833333333334]
[0.75888020833333347]
[1.2373098958333333]
[0.99790104166666649]
[0.58776302083333354]
[0.84502083333333322]
