[-0.73937500000000012]
[-0.014695312499999997]
[-0.78025]
[-0.83758854166666674]
[-1.0453697916666671]
[-1.3823046875000002]
[0.17832552083333336]
[-1.2344166666666667]
[0.24389583333333337]
[0.42641406250000002]
[-0.18585937499999999]
[0.1811640625]
[0.21891666666666676]
[0.40285416666666674]
[1.5689270833333335]
[0.74802083333333336]
[0.63675000000000004]
[-0.23524999999999996]
[0.66683854166666667]
[0.58963020833333335]
[2.868411458333334]
[0.70771354166666678]
[0.80365625000000007]
[1.6574895833333336]
[3.6453203125000004]
[1.3725000000000003]
[1.3478046875]
[2.1434479166666671]
[1.0386875]
[1.5717656250000001]
